QCD_Data_CS = 112 37 12 5 44 16 2 3 15 2 7 70 19 8 2 23 5 2 2 6 0 44 11 4 15 3 3 12 6 12 3 1 9 2 1 0 1

QCD_Data_CS_relative_err = 0.094491118252 0.16439898731 0.28867513459 0.4472135955 0.15075567229 0.25 0.70710678119 0.57735026919 0.25819888975 0.70710678119 0.37796447301 0.11952286093 0.22941573387 0.35355339059 0.70710678119 0.20851441406 0.4472135955 0.70710678119 0.70710678119 0.40824829046 0 0.15075567229 0.30151134458 0.5 0.25819888975 0.57735026919 0.57735026919 0.28867513459 0.40824829046 0.28867513459 0.57735026919 1 0.33333333333 0.70710678119 1 0 1

QCD_otherBG_CS = 27.567584809 9.8746512332 5.0209735534 1.2661348111 9.14764499 4.7686217606 1.4497621996 0.39534605886 3.6537975882 1.3630670722 2.3331790421 21.739260396 6.5912354467 2.6627220559 2.0753721831 3.0184354572 2.220599424 1.1496078714 0.95291394328 1.2136506563 0.19750515794 11.500021814 2.8657445908 1.8398597027 6.155161737 0.9822648949 0.90093419705 1.5434761687 3.4761316239 6.7093272514 4.9232221251 1.809490469 4.0808323341 1.7566178539 0.65990380753 1.3483580066 0.91339095648

QCD_otherBG_CS_relative_errup = 0.13331675819 0.16307641496 0.27260614277 0.36540121358 0.1494902821 0.23990715507 0.26721876741 0.2915076701 0.31785271056 0.27123187324 0.31619020345 0.1965650083 0.18929132235 0.2788893367 0.55370685866 0.2335856918 0.24974464039 0.47291928027 0.6341965864 0.31911484543 0.28202914275 0.22401158009 0.27970655648 0.32582976735 0.43222249631 0.30732505258 0.48899596442 0.53926567826 0.45605296188 0.20094859323 0.26849518025 0.33078166531 0.56934935911 0.31273393642 0.53240312748 0.47413926631 0.58550324812

QCD_otherBG_CS_relative_errdown = 0.13345237854 0.16317123305 0.27276292932 0.36618653853 0.14976276548 0.23992130463 0.26730495688 0.2915076701 0.31785908883 0.27123187324 0.31635490882 0.19675677662 0.18951095653 0.27900901952 0.55390040953 0.23345252839 0.24969566609 0.47323912721 0.63419256066 0.31913347074 0.28202914275 0.22419265065 0.27976977831 0.32586483434 0.43240225951 0.30736604336 0.48900497899 0.53942305294 0.45622287392 0.20099144602 0.2685633899 0.33067556151 0.569495624 0.31283258529 0.53240312748 0.47432578956 0.5855336001

QCD_TFactor = 0.131251 0.131251 0.0920049 0.0920049 0.0129283 0.0129283 0.0377085 0.0377085 0.0129283 0.0377085 0.0377085 0.131251 0.131251 0.0920049 0.0920049 0.0129283 0.0129283 0.0377085 0.0377085 0.0129283 0.0377085 0.131251 0.131251 0.0920049 0.0129283 0.0129283 0.0377085 0.0129283 0.0377085 0.131251 0.131251 0.0920049 0.0129283 0.0129283 0.0377085 0.0129283 0.0377085

QCD_TFactor_relative_err = 0.43168966332 0.43168966332 0.66339618868 0.66339618868 6.6343989542 6.6343989542 2.821857141 2.821857141 6.6343989542 2.821857141 2.821857141 0.43168966332 0.43168966332 0.66339618868 0.66339618868 6.6343989542 6.6343989542 2.821857141 2.821857141 6.6343989542 2.821857141 0.43168966332 0.43168966332 0.66339618868 6.6343989542 6.6343989542 2.821857141 6.6343989542 2.821857141 0.43168966332 0.43168966332 0.66339618868 6.6343989542 6.6343989542 2.821857141 6.6343989542 2.821857141

QCD_NonClosure_relative_err = 0.269367 0.604852 3.60102 0.596589 0.47225 0.92186 0.646183 0.111529 0.822523 0.300243 0.78746 0.403049 0.754844 1.10727 0.0218425 1.92994 0.120056 0.0453082 0.037326 0.571824 0.714926 0.546075 0.716082 0.14204 1.26969 4.76861 0.733991 0.940119 0.71361 0.656971 0.561623 0.752555 2.86138 2.98308 0.00845823 0.44275 0.983143 

