channel =  1 2 3 4 5 6 7 8 9 10 11 12 13 14 15 16 17 18 19 20 21 22 23 24 25 26 27 28 29 30 31 32 33 34 35 36 37

rate =  0.13578 0.12449 0.04951 0.08408 0.04683 0.19265 0.00628 0.01058 0.11082 0.00813 0.05336 0.00250 0.04066 0.03951 0.0000 0.00087 0.00374 0.00289 0.00202 0.04075 0.00533 0.11334 0.00130 0.00057 0.00187 0.04019 0.00313 0.00015 0.00371 0.00283 0.00057 0.00000 0.00015 0.00000 0.00072 0.00000 0.00057

cs_event =  34 27 13 15 11 21 9 8 5 14 31 10 8 6 0 3 8 8 5 4 13 7 3 1 4 6 5 1 6 3 1 0 1 0 2 0 1

avg_weight =   0.00399  0.00461  0.00381  0.00561  0.00426  0.00917  0.00070  0.00132  0.02216  0.00058  0.00172  0.00025  0.00508  0.00658  0.00015  0.00029  0.00047  0.00036  0.00040  0.01019  0.00041  0.01619  0.00043  0.00057  0.00047  0.00670  0.00063  0.00015  0.00062  0.00094  0.00057  0.00002  0.00015  0.00002  0.00036  0.00002  0.00057

syst_unc_pdf_up =   0.00450  0.00395  0.00189  0.00990  0.00119  0.00798  0.00019  0.00022  0.00220  0.00026  0.00294  0.00018  0.00083  0.00082  0.00008  0.00001  0.00007  0.00017  0.00020  0.00698  0.00019  0.00294  0.00006  0.00071  0.00011  0.00084  0.00016  0.00000  0.00014  0.00004  0.00009  0.00000  0.00000  0.00000  0.00001  0.00000  0.00001

syst_unc_pdf_down =   0.00450  0.00395  0.00189  0.00990  0.00119  0.00798  0.00019  0.00022  0.00220  0.00026  0.00294  0.00018  0.00083  0.00082  0.00008  0.00001  0.00007  0.00017  0.00020  0.00698  0.00019  0.00294  0.00006  0.00071  0.00011  0.00084  0.00016  0.00000  0.00014  0.00004  0.00009  0.00000  0.00000  0.00000  0.00001  0.00000  0.00001

syst_unc_scale_up =   0.00421  0.00232  0.00205  0.00178  0.00135  0.00157  0.00114  0.00105  0.00036  0.00147  0.00248  0.00052  0.00056  0.00035  0.00015  0.00014  0.00056  0.00054  0.00038  0.00043  0.00092  0.00072  0.00021  0.00021  0.00044  0.00041  0.00049  0.00003  0.00065  0.00054  0.00012  0.00000  0.00001  0.00000  0.00012  0.00000  0.00010

syst_unc_scale_down =   0.00345  0.00183  0.00164  0.00142  0.00110  0.00125  0.00089  0.00087  0.00029  0.00114  0.00198  0.00041  0.00045  0.00027  0.00015  0.00011  0.00045  0.00045  0.00030  0.00034  0.00072  0.00058  0.00017  0.00015  0.00034  0.00033  0.00038  0.00002  0.00052  0.00043  0.00009  0.00000  0.00001  0.00000  0.00010  0.00000  0.00008
