channel =  1 2 3 4 5 6 7 8 9 10 11 12 13 14 15 16 17 18 19 20 21 22 23 24 25 26 27 28 29 30 31 32 33 34 35 36 37

rate =  0.82647 0.29640 0.14447 0.02323 0.28347 0.34151 0.20259 0.11101 0.03870 0.20782 0.32193 0.82552 0.39853 0.19094 0.06121 0.33969 0.33160 0.26999 0.06740 0.18095 0.29132 0.27943 0.10736 0.06343 0.17849 0.15280 0.09745 0.08072 0.23011 0.42509 0.11918 0.04020 0.24129 0.17849 0.09713 0.06439 0.23447

cs_event =  261 94 46 7 89 109 65 36 12 67 104 261 126 60 20 108 106 87 22 58 94 88 34 20 57 49 31 26 74 135 37 13 77 57 31 20 75

avg_weight =   0.00317  0.00315  0.00314  0.00332  0.00319  0.00313  0.00312  0.00308  0.00322  0.00310  0.00310  0.00316  0.00316  0.00318  0.00306  0.00315  0.00313  0.00310  0.00306  0.00312  0.00310  0.00318  0.00316  0.00317  0.00313  0.00312  0.00314  0.00310  0.00311  0.00315  0.00322  0.00309  0.00313  0.00313  0.00313  0.00322  0.00313

syst_unc_pdf_up =   0.04225  0.01709  0.01012  0.00031  0.01302  0.01544  0.00977  0.00744  0.00107  0.00565  0.01664  0.03183  0.00439  0.00742  0.00203  0.03362  0.00813  0.01087  0.00256  0.00968  0.02064  0.00203  0.00413  0.00367  0.00704  0.00713  0.00535  0.00291  0.00890  0.01428  0.01192  0.00029  0.00812  0.01002  0.00329  0.00616  0.02849

syst_unc_pdf_down =   0.04225  0.01709  0.01012  0.00031  0.01302  0.01544  0.00977  0.00744  0.00107  0.00565  0.01664  0.03183  0.00439  0.00742  0.00203  0.03362  0.00813  0.01087  0.00256  0.00968  0.02064  0.00203  0.00413  0.00367  0.00704  0.00713  0.00535  0.00291  0.00890  0.01428  0.01192  0.00029  0.00812  0.01002  0.00329  0.00616  0.02849

syst_unc_scale_up =   0.14082  0.05154  0.02756  0.00300  0.03550  0.06823  0.03475  0.02022  0.00607  0.03592  0.05886  0.09833  0.07570  0.03473  0.01010  0.06719  0.04051  0.05416  0.00446  0.03879  0.05370  0.00459  0.00925  0.00781  0.00046  0.01307  0.00374  0.02243  0.01722  0.06326  0.00937  0.00195  0.02048  0.01173  0.00872  0.01332  0.01994

syst_unc_scale_down =   0.12758  0.04538  0.02344  0.00300  0.03873  0.06249  0.03199  0.01899  0.00578  0.03452  0.05092  0.10708  0.06609  0.03107  0.00883  0.06178  0.04296  0.04416  0.00446  0.03194  0.04735  0.02241  0.01138  0.00793  0.01306  0.01697  0.00883  0.02460  0.02695  0.05922  0.01364  0.00195  0.02801  0.01746  0.01083  0.01098  0.02568

syst_unc_rate_up =  0.24794 0.08892 0.04334 0.00697 0.08504 0.10245 0.06078 0.03330 0.01161 0.06235 0.09658 0.24766 0.11956 0.05728 0.01836 0.10191 0.09948 0.08100 0.02022 0.05428 0.08740 0.08383 0.03221 0.01903 0.05355 0.04584 0.02924 0.02422 0.06903 0.12753 0.03575 0.01206 0.07239 0.05355 0.02914 0.01932 0.07034

syst_unc_rate_down =  0.24794 0.08892 0.04334 0.00697 0.08504 0.10245 0.06078 0.03330 0.01161 0.06235 0.09658 0.24766 0.11956 0.05728 0.01836 0.10191 0.09948 0.08100 0.02022 0.05428 0.08740 0.08383 0.03221 0.01903 0.05355 0.04584 0.02924 0.02422 0.06903 0.12753 0.03575 0.01206 0.07239 0.05355 0.02914 0.01932 0.07034
