channel =  1 2 3 4 5 6 7 8 9 10 11 12 13 14 15 16 17 18 19 20 21 22 23 24 25 26 27 28 29 30 31 32 33 34 35 36 37 38 39 40 41 42 43 44 45 46 47 48 49 50 51 52 53 54 55 56 57 58 59
rate =  0.30106 0.11192 0.01562 0.01636 0.03011 0.10294 0.02178 0 0.00327 0.05899 0.04946 0.01945 0.11135 0.02758 0.01889 0 0.01150 0.02777 0 0.00327 0.01234 0.01066 0.00739 0.00411 0 0.00327 0 0.00084 0.05432 0.01926 0 0 0.00580 0.01309 0.00327 0 0.01290 0.00963 0.01290 0.00739 0.02197 0 0 0 0 0.00327 0 0.00327 0.01047 0 0 0 0.00654 0 0 0 0 0 0
cs_event =  92 31 7 5 8 25 5 0 1 11 13 4 31 9 8 0 5 11 0 1 6 4 3 2 0 1 0 1 13 2 0 0 4 4 1 0 2 1 2 3 7 0 0 0 0 1 0 1 2 0 0 0 2 0 0 0 0 0 0
avg_weight =   0.00327  0.00361  0.00223  0.00327  0.00376  0.00412  0.00436  0.00000  0.00327  0.00536  0.00380  0.00486  0.00359  0.00306  0.00236  0.00000  0.00230  0.00252  0.00000  0.00327  0.00206  0.00266  0.00246  0.00206  0.00000  0.00327  0.00084  0.00084  0.00418  0.00963  0.00000  0.00000  0.00145  0.00327  0.00327  0.00000  0.00645  0.00963  0.00645  0.00246  0.00314  0.00000  0.00000  0.00000  0.00000  0.00327  0.00000  0.00327  0.00524  0.00000  0.00000  0.00000  0.00327  0.00000  0.00000  0.00000  0.00000  0.00000  0.00000
syst_unc_pdf_up =   0.00843  0.00517  0.00036  0.00163  0.00144  0.00287  0.00079  0.00004  0.00012  0.00866  0.00153  0.00126  0.00388  0.00071  0.00177  0.00000  0.00026  0.00102  0.00000  0.00004  0.00025  0.00021  0.00026  0.00009  0.00006  0.00005  0.00003  0.00003  0.00116  0.00067  0.00000  0.00000  0.00012  0.00035  0.00011  0.00000  0.00026  0.00022  0.00144  0.00022  0.00082  0.00000  0.00000  0.00001  0.00000  0.00005  0.00000  0.00021  0.00033  0.00000  0.00000  0.00000  0.00021  0.00000  0.00000  0.00000  0.00000  0.00000  0.00000
syst_unc_pdf_down =   0.00843  0.00517  0.00036  0.00163  0.00144  0.00287  0.00079  0.00004  0.00012  0.00866  0.00153  0.00126  0.00388  0.00071  0.00177  0.00000  0.00026  0.00102  0.00000  0.00004  0.00025  0.00021  0.00026  0.00009  0.00006  0.00005  0.00003  0.00003  0.00116  0.00067  0.00000  0.00000  0.00012  0.00035  0.00011  0.00000  0.00026  0.00022  0.00144  0.00022  0.00082  0.00000  0.00000  0.00001  0.00000  0.00005  0.00000  0.00021  0.00033  0.00000  0.00000  0.00000  0.00021  0.00000  0.00000  0.00000  0.00000  0.00000  0.00000
syst_unc_scale_up =   0.04903  0.01895  0.00256  0.00331  0.00659  0.01428  0.00292  0.00013  0.00069  0.00840  0.00756  0.00385  0.01994  0.00329  0.00373  0.00000  0.00212  0.00396  0.00000  0.00050  0.00201  0.00145  0.00175  0.00049  0.00006  0.00061  0.00084  0.00001  0.01019  0.00244  0.00000  0.00000  0.00091  0.00267  0.00077  0.00000  0.00242  0.00253  0.00284  0.00171  0.00371  0.00000  0.00000  0.00079  0.00000  0.00069  0.00000  0.00074  0.00168  0.00000  0.00000  0.00000  0.00121  0.00000  0.00000  0.00000  0.00000  0.00000  0.00000
syst_unc_scale_down =   0.04024  0.01507  0.00198  0.00254  0.00508  0.01224  0.00234  0.00000  0.00054  0.00680  0.00614  0.00300  0.01581  0.00269  0.00287  0.00000  0.00179  0.00316  0.00000  0.00041  0.00163  0.00112  0.00133  0.00041  0.00000  0.00049  0.00084  0.00001  0.00808  0.00202  0.00000  0.00000  0.00073  0.00212  0.00058  0.00000  0.00191  0.00188  0.00219  0.00131  0.00300  0.00000  0.00000  0.00000  0.00000  0.00053  0.00000  0.00057  0.00136  0.00000  0.00000  0.00000  0.00096  0.00000  0.00000  0.00000  0.00000  0.00000  0.00000
