channel =  1 2 3 4 5 6 7 8 9 10 11 12 13 14 15 16 17 18 19 20 21 22 23 24 25 26 27 28 29 30 31 32 33 34 35 36 37 38 39 40 41 42 43 44 45

rate =  0.13583 0.12474 0.04952 0.08395 0.04685 0.19274 0.00628 0.01057 0.11100 0.00818 0.05331 0.00108 0.03953 0.03937 0.00000 0.00089 0.00376 0.00293 0.00146 0.04017 0.00538 0.00188 0.00057 0.00131 0.11353 0.00131 0.00057 0.00188 0.04022 0.00200 0.00016 0.00372 0.00283 0.00057 0.00000 0.00016 0.00000 0.00073 0.00000 0.00057 0.00000 0.00000 0.00115 0.00000 0.00000

cs_event =  33 27 13 14 11 20 9 8 5 14 30 6 6 5 0 3 8 8 4 3 13 4 1 3 7 3 1 4 6 3 1 6 3 1 0 1 0 2 0 1 0 0 2 0 0

avg_weight =   0.00412  0.00462  0.00381  0.00600  0.00426  0.00964  0.00070  0.00132  0.02220  0.00058  0.00178  0.00018  0.00659  0.00787  0.00016  0.00030  0.00047  0.00037  0.00037  0.01339  0.00041  0.00047  0.00057  0.00044  0.01622  0.00044  0.00057  0.00047  0.00670  0.00067  0.00016  0.00062  0.00094  0.00057  0.00002  0.00016  0.00002  0.00037  0.00002  0.00057  0.00002  0.00002  0.00057  0.00002  0.00002

syst_unc_pdf_up =   0.00451  0.00396  0.00189  0.00990  0.00119  0.00799  0.00019  0.00022  0.00221  0.00026  0.00294  0.00014  0.00081  0.00081  0.00008  0.00001  0.00007  0.00018  0.00004  0.00696  0.00019  0.00006  0.00001  0.00018  0.00295  0.00006  0.00071  0.00011  0.00084  0.00010  0.00000  0.00014  0.00004  0.00009  0.00000  0.00000  0.00000  0.00002  0.00000  0.00001  0.00000  0.00000  0.00007  0.00000  0.00000

syst_unc_pdf_down =   0.00451  0.00396  0.00189  0.00990  0.00119  0.00799  0.00019  0.00022  0.00221  0.00026  0.00294  0.00014  0.00081  0.00081  0.00008  0.00001  0.00007  0.00018  0.00004  0.00696  0.00019  0.00006  0.00001  0.00018  0.00295  0.00006  0.00071  0.00011  0.00084  0.00010  0.00000  0.00014  0.00004  0.00009  0.00000  0.00000  0.00000  0.00002  0.00000  0.00001  0.00000  0.00000  0.00007  0.00000  0.00000

syst_unc_scale_up =   0.00420  0.00233  0.00205  0.00176  0.00135  0.00157  0.00114  0.00104  0.00037  0.00148  0.00246  0.00027  0.00039  0.00034  0.00016  0.00014  0.00056  0.00054  0.00029  0.00037  0.00092  0.00033  0.00009  0.00016  0.00073  0.00021  0.00021  0.00044  0.00041  0.00020  0.00003  0.00066  0.00054  0.00012  0.00000  0.00001  0.00000  0.00012  0.00000  0.00010  0.00000  0.00000  0.00028  0.00000  0.00000

syst_unc_scale_down =   0.00344  0.00184  0.00164  0.00140  0.00110  0.00125  0.00089  0.00086  0.00029  0.00115  0.00197  0.00020  0.00030  0.00026  0.00016  0.00012  0.00046  0.00045  0.00023  0.00029  0.00073  0.00026  0.00007  0.00013  0.00058  0.00017  0.00015  0.00034  0.00033  0.00018  0.00002  0.00052  0.00043  0.00009  0.00000  0.00001  0.00000  0.00010  0.00000  0.00008  0.00000  0.00000  0.00021  0.00000  0.00000
